distortion
-0.437343 0.208743 0.001849 0.000924 0.000000

rectification
1.000000 0.000000 0.000000
0.000000 1.000000 0.000000
0.000000 0.000000 1.000000

projection
579.879272 0.000000 306.551994 0.000000
0.000000 616.877808 221.704214 0.000000
0.000000 0.000000 1.000000 0.000000

camera matrix
655.395757 0.000000 309.229468
0.000000 658.862342 223.749852
0.000000 0.000000 1.000000


('Wrote calibration data to', '/tmp/calibrationdata.tar.gz')
D = [-0.43734277106914093, 0.20874340537321745, 0.0018488828869952143, 0.0009235703079396009, 0.0]
K = [655.3957567464429, 0.0, 309.229468237061, 0.0, 658.8623421039053, 223.74985228853447, 0.0, 0.0, 1.0]
R = [1.0, 0.0, 0.0, 0.0, 1.0, 0.0, 0.0, 0.0, 1.0]
P = [579.8792724609375, 0.0, 306.55199398760305, 0.0, 0.0, 616.8778076171875, 221.70421363711648, 0.0, 0.0, 0.0, 1.0, 0.0]
# oST version 5.0 parameters

